151
150
21
135
68
35
190
143
118
183
153
113
77
49
59
143
4
7
193
104
21
168
110
10
8
80
157
192
198
110
84
102
12
57
37
33
92
28
176
162
163
130
76
40
131
87
135
88
95
128
144
68
96
6
78
57
86
187
49
37
97
85
139
110
95
176
95
139
156
71
102
71
153
130
63
85
17
199
125
64
127
69
85
176
75
115
185
114
103
34
151
152
71
90
14
118
18
109
58
127
181
160
198
134
90
62
171
59
13
96
76
140
117
161
68
193
76
53
107
131
39
10
36
111
100
50
29
70
160
87
197
93
199
148
27
89
162
151
101
175
199
177
115
117
138
184
62
166
37
121
50
77
131
86
140
183
136
121
53
96
161
3
189
160
151
169
2
113
72
103
88
71
80
155
188
170
91
50
136
81
171
186
110
54
24
50
37
161
123
43
9
84
46
151
45
149
72
47
62
96
