0 1 4 4 5 7 7 8 9 9 12 12 14 14 15 18 20 21 22 23 23 25 25 25 29 31 31 32 32 32 33 36 36 39 39 40 40 40 42 43 43 44 44 46 46 47 47 48 48 50 50 51 51 51 52 52 54 55 55 56 57 58 59 61 63 63 63 64 68 69 71 71 72 74 75 76 77 79 79 80 80 82 83 84 86 86 86 87 88 88 89 90 90 92 92 92 95 99 99 99 
99 99 101 103 103 104 107 108 108 111 111 112 113 115 115 116 118 118 122 125 125 125 126 126 126 128 128 130 130 131 131 132 132 132 137 138 140 141 143 144 145 147 148 149 149 150 152 154 156 157 159 159 160 160 160 163 164 164 166 167 168 170 171 171 172 174 174 175 177 178 179 180 181 183 184 186 186 188 189 190 190 191 192 193 193 193 196 197 197 199 201 203 207 208 208 209 209 212 213 215 
216 217 217 218 218 218 219 219 219 220 220 223 223 224 224 224 226 226 227 228 229 233 235 235 235 238 238 239 240 241 241 242 244 244 248 249 249 249 250 251 251 253 254 254 254 256 256 259 261 262 263 266 267 268 270 270 270 273 274 276 277 277 277 278 278 278 281 282 284 285 285 286 287 287 288 290 290 290 290 291 292 294 294 295 295 296 298 299 299 299 300 302 302 302 303 304 304 307 307 307 
307 307 308 309 310 311 312 314 316 317 318 321 321 321 324 324 325 327 327 327 329 330 331 333 333 334 334 335 335 336 336 337 339 341 342 343 348 350 353 353 353 355 356 357 357 358 359 359 360 360 360 362 362 363 365 365 366 367 368 373 373 375 376 376 376 377 378 378 381 381 382 382 383 384 387 388 388 389 390 392 393 395 396 396 397 397 398 399 403 403 406 409 411 412 414 414 415 415 416 417 
417 417 417 418 419 420 420 422 422 423 424 424 428 429 429 430 435 435 437 439 439 439 439 440 442 443 444 444 445 445 446 446 447 450 450 450 452 456 456 457 457 458 459 461 461 461 461 464 465 467 470 470 471 471 472 473 473 474 475 476 477 479 480 482 482 483 483 483 484 485 486 487 487 487 488 488 489 490 492 492 493 493 494 495 497 497 498 500 502 503 505 505 506 507 509 509 510 511 514 515 
515 516 516 516 517 517 517 519 519 521 523 523 524 524 524 527 530 531 532 532 532 533 534 534 535 537 539 540 542 543 543 543 543 544 544 545 546 547 547 548 549 549 549 551 555 558 560 561 562 563 564 564 565 567 568 568 569 570 570 570 572 573 573 575 577 577 579 580 580 582 587 587 589 590 592 593 593 594 595 596 596 597 598 598 600 600 600 601 601 604 605 607 608 609 613 613 614 617 617 617 
619 619 619 620 623 624 624 624 624 625 625 626 627 630 630 631 631 632 632 633 634 634 636 636 639 639 639 640 641 643 644 645 646 648 651 652 653 657 657 657 657 659 660 664 665 665 665 666 666 674 674 675 676 678 679 680 680 681 682 682 685 685 686 687 689 689 689 691 692 693 694 694 695 697 697 697 697 699 700 702 702 702 704 704 706 706 707 707 709 710 711 711 711 713 714 716 716 718 719 719 
719 720 725 726 729 731 733 734 735 736 736 737 738 738 741 741 742 743 743 743 747 748 749 750 750 751 752 752 754 754 755 756 756 758 759 760 761 763 765 766 766 766 766 767 768 768 769 770 771 775 777 778 778 778 778 780 781 781 781 786 786 788 788 789 791 791 791 791 792 794 794 796 797 797 797 799 800 800 800 801 801 801 804 807 809 809 809 810 811 812 813 814 814 815 818 818 818 818 821 821 
824 824 825 825 826 831 831 832 834 835 836 840 841 841 843 846 846 847 848 848 849 850 851 851 853 853 856 857 858 858 858 862 863 864 865 866 866 866 866 866 867 869 870 872 872 873 873 874 874 875 877 878 879 880 880 882 884 885 885 886 886 886 887 887 887 888 889 897 897 898 898 899 899 899 899 900 900 900 901 901 902 904 905 906 909 909 910 914 919 919 920 921 922 923 923 923 925 926 926 926 
927 928 930 931 931 931 932 934 935 938 940 944 946 947 948 948 949 949 950 952 953 953 958 958 960 961 962 962 962 962 963 963 964 965 966 966 967 967 967 968 969 970 970 971 972 972 973 974 974 975 975 977 977 977 980 981 981 983 984 985 985 985 985 990 991 991 991 992 992 992 993 994 994 995 996 998 1000 1000 1001 1001 1002 1003 1005 1005 1006 1006 1008 1009 1010 1012 1013 1014 1017 1017 1018 1019 1020 1024 1024 1024 
1025 1026 1027 1028 1029 1033 1033 1034 1036 1037 1040 1042 1042 1044 1045 1047 1047 1048 1049 1050 1050 1059 1060 1060 1062 1063 1064 1067 1070 1071 1071 1071 1073 1075 1076 1077 1078 1079 1081 1081 1081 1082 1082 1082 1083 1087 1088 1088 1090 1090 1091 1096 1097 1097 1098 1100 1100 1102 1103 1103 1103 1106 1107 1107 1112 1113 1113 1114 1115 1116 1116 1116 1117 1119 1120 1123 1123 1123 1124 1125 1126 1126 1127 1128 1129 1131 1133 1133 1133 1134 1135 1136 1137 1137 1138 1138 1138 1139 1139 1140 
1141 1142 1142 1144 1145 1146 1147 1147 1147 1148 1149 1150 1150 1150 1152 1152 1152 1153 1154 1155 1156 1156 1157 1157 1158 1159 1160 1160 1160 1161 1163 1165 1166 1169 1169 1169 1170 1171 1174 1176 1177 1178 1179 1180 1180 1180 1183 1185 1186 1187 1187 1188 1188 1190 1194 1195 1196 1196 1198 1199 1201 1203 1203 1203 1204 1205 1205 1206 1206 1207 1208 1208 1209 1210 1210 1210 1213 1218 1220 1220 1220 1220 1221 1221 1221 1222 1224 1224 1227 1227 1228 1228 1228 1230 1232 1233 1233 1234 1234 1234 
1234 1236 1237 1241 1242 1244 1245 1245 1247 1248 1251 1251 1254 1257 1258 1259 1260 1260 1261 1261 1263 1264 1265 1266 1267 1267 1267 1268 1268 1268 1268 1268 1269 1269 1271 1271 1272 1272 1273 1273 1274 1276 1279 1280 1282 1283 1283 1283 1284 1284 1284 1284 1284 1286 1286 1287 1288 1291 1292 1292 1295 1296 1296 1297 1297 1298 1299 1301 1303 1306 1306 1307 1307 1307 1310 1310 1315 1315 1316 1316 1318 1318 1318 1319 1320 1320 1320 1322 1324 1324 1325 1326 1327 1330 1331 1332 1333 1334 1334 1334 
1336 1337 1337 1338 1338 1339 1339 1339 1340 1342 1342 1343 1343 1345 1345 1346 1346 1347 1347 1347 1347 1347 1347 1348 1348 1349 1351 1351 1351 1351 1354 1356 1356 1357 1357 1361 1362 1363 1363 1365 1368 1368 1370 1372 1372 1372 1372 1372 1373 1374 1375 1375 1376 1377 1378 1380 1382 1382 1382 1384 1384 1385 1387 1387 1388 1389 1390 1391 1391 1391 1392 1392 1393 1393 1393 1395 1396 1398 1399 1400 1402 1405 1405 1405 1405 1406 1406 1407 1407 1408 1409 1410 1411 1412 1412 1415 1415 1417 1417 1419 
1420 1421 1422 1424 1425 1426 1428 1429 1429 1431 1431 1435 1435 1435 1435 1437 1438 1440 1441 1442 1442 1443 1443 1445 1445 1445 1446 1446 1448 1448 1449 1449 1449 1450 1450 1451 1453 1454 1454 1456 1456 1457 1462 1463 1463 1466 1466 1468 1472 1472 1473 1474 1474 1475 1475 1478 1480 1482 1483 1484 1484 1486 1487 1488 1488 1489 1490 1492 1493 1493 1495 1495 1499 1499 1500 1503 1504 1504 1505 1508 1510 1511 1512 1513 1514 1515 1515 1516 1517 1517 1519 1519 1520 1521 1521 1521 1523 1523 1524 1525 
1526 1526 1526 1528 1529 1529 1531 1531 1532 1532 1533 1535 1536 1536 1537 1543 1544 1545 1546 1546 1547 1547 1548 1549 1550 1551 1551 1551 1552 1555 1555 1556 1557 1559 1559 1561 1561 1562 1562 1562 1564 1565 1566 1567 1567 1569 1571 1574 1575 1575 1576 1580 1582 1583 1584 1585 1585 1585 1586 1586 1588 1588 1588 1589 1589 1592 1592 1593 1597 1598 1598 1599 1604 1604 1605 1605 1605 1606 1607 1607 1608 1609 1609 1609 1609 1612 1613 1614 1614 1615 1616 1616 1617 1618 1618 1619 1619 1620 1621 1622 
1623 1624 1624 1624 1626 1627 1627 1630 1631 1632 1634 1635 1635 1637 1637 1638 1638 1639 1639 1640 1640 1640 1640 1642 1645 1645 1645 1647 1647 1648 1650 1651 1652 1653 1653 1654 1654 1654 1655 1655 1656 1657 1658 1659 1661 1661 1662 1664 1665 1666 1666 1666 1668 1668 1668 1669 1669 1670 1670 1672 1672 1672 1673 1674 1674 1674 1676 1676 1676 1676 1677 1677 1677 1679 1679 1680 1682 1682 1682 1684 1684 1687 1687 1688 1688 1690 1691 1691 1691 1692 1694 1694 1696 1696 1698 1698 1700 1701 1701 1702 
1703 1703 1704 1705 1705 1706 1710 1712 1713 1713 1716 1716 1716 1717 1717 1718 1719 1720 1720 1723 1725 1726 1728 1728 1728 1728 1731 1734 1734 1734 1735 1736 1738 1738 1739 1739 1740 1740 1743 1744 1745 1749 1750 1752 1752 1755 1757 1759 1759 1759 1761 1761 1761 1761 1762 1763 1763 1763 1766 1767 1767 1767 1770 1770 1771 1771 1771 1771 1772 1773 1775 1776 1777 1777 1777 1778 1780 1780 1781 1784 1785 1787 1788 1788 1788 1789 1790 1790 1790 1791 1791 1794 1796 1797 1798 1798 1798 1802 1802 1803 
1803 1805 1805 1805 1809 1811 1812 1813 1813 1814 1814 1817 1817 1817 1818 1819 1820 1821 1821 1821 1824 1824 1825 1828 1830 1832 1833 1833 1833 1834 1835 1836 1837 1837 1837 1837 1839 1841 1842 1842 1842 1843 1844 1844 1845 1847 1848 1852 1854 1854 1855 1855 1857 1857 1858 1860 1860 1861 1862 1864 1866 1868 1868 1868 1868 1869 1870 1872 1874 1874 1875 1877 1877 1878 1880 1881 1881 1882 1883 1883 1883 1884 1886 1886 1886 1886 1887 1888 1888 1889 1889 1889 1890 1891 1892 1893 1894 1896 1897 1898 
1898 1900 1902 1903 1903 1904 1905 1906 1906 1910 1910 1911 1912 1916 1916 1918 1918 1921 1922 1922 1923 1923 1923 1924 1924 1929 1932 1932 1933 1933 1933 1934 1936 1938 1938 1941 1941 1941 1942 1945 1945 1946 1946 1946 1947 1948 1949 1949 1951 1951 1952 1952 1953 1953 1955 1956 1957 1957 1958 1958 1959 1959 1960 1960 1960 1961 1962 1967 1968 1970 1970 1971 1972 1972 1973 1973 1975 1976 1977 1978 1978 1979 1979 1980 1980 1981 1981 1981 1982 1982 1982 1983 1983 1984 1985 1985 1986 1987 1990 1990 
1990 1991 1992 1993 1993 1993 1994 1995 1995 1996 1998 2004 2004 2005 2005 2005 2005 2006 2008 2008 2011 2013 2013 2015 2015 2016 2016 2017 2018 2018 2023 2023 2023 2023 2024 2024 2024 2025 2025 2025 2026 2028 2029 2031 2032 2033 2035 2036 2037 2038 2039 2039 2039 2040 2041 2041 2041 2041 2042 2042 2042 2043 2043 2044 2044 2046 2047 2048 2049 2049 2050 2052 2054 2057 2058 2060 2061 2067 2067 2068 2068 2069 2071 2072 2072 2073 2076 2076 2079 2081 2082 2083 2083 2085 2088 2088 2088 2089 2090 2091 
2092 2092 2092 2093 2093 2094 2095 2096 2096 2096 2097 2097 2098 2100 2101 2101 2102 2103 2103 2106 2107 2107 2109 2110 2110 2111 2112 2112 2115 2115 2115 2116 2117 2119 2122 2124 2126 2128 2129 2129 2129 2130 2131 2132 2133 2135 2138 2139 2139 2139 2140 2142 2142 2143 2144 2147 2147 2149 2149 2149 2149 2149 2151 2152 2153 2153 2154 2154 2158 2158 2160 2161 2162 2162 2165 2166 2167 2167 2168 2168 2168 2169 2169 2169 2169 2170 2171 2172 2172 2175 2175 2178 2179 2179 2180 2181 2181 2182 2182 2183 
2183 2183 2185 2185 2186 2187 2188 2189 2190 2191 2192 2192 2192 2193 2193 2194 2194 2196 2197 2199 2201 2201 2202 2203 2203 2203 2204 2205 2210 2212 2212 2212 2214 2215 2215 2216 2216 2217 2218 2218 2219 2219 2220 2221 2222 2223 2223 2224 2224 2227 2227 2228 2229 2229 2229 2230 2232 2233 2233 2236 2238 2239 2240 2241 2243 2243 2248 2249 2249 2250 2250 2254 2254 2256 2256 2256 2257 2259 2259 2260 2261 2262 2263 2263 2265 2265 2267 2269 2270 2271 2271 2272 2272 2273 2273 2274 2275 2277 2277 2278 
2278 2279 2279 2281 2281 2282 2283 2284 2285 2285 2286 2290 2291 2291 2292 2292 2293 2294 2295 2296 2299 2299 2299 2299 2300 2302 2302 2303 2304 2304 2306 2306 2307 2309 2309 2309 2311 2312 2313 2313 2313 2314 2315 2315 2316 2317 2319 2320 2321 2322 2322 2325 2326 2329 2330 2330 2330 2330 2333 2333 2333 2333 2338 2339 2340 2340 2341 2341 2342 2342 2343 2344 2345 2348 2348 2351 2356 2356 2358 2358 2358 2358 2359 2359 2360 2360 2363 2364 2367 2367 2368 2369 2369 2370 2372 2374 2374 2376 2376 2376 
2376 2377 2378 2378 2378 2379 2382 2383 2383 2385 2386 2387 2389 2390 2390 2390 2391 2394 2394 2395 2396 2396 2396 2396 2397 2397 2397 2398 2398 2398 2400 2401 2404 2406 2407 2408 2409 2409 2410 2411 2411 2411 2412 2412 2413 2414 2416 2418 2418 2419 2420 2420 2420 2421 2421 2422 2422 2422 2425 2427 2428 2429 2429 2431 2431 2431 2434 2435 2435 2436 2437 2439 2444 2444 2444 2444 2445 2446 2447 2447 2448 2448 2450 2450 2451 2452 2454 2456 2456 2457 2458 2459 2463 2464 2464 2467 2468 2468 2468 2473 
2474 2474 2476 2478 2479 2480 2481 2481 2483 2483 2484 2484 2484 2486 2486 2487 2488 2489 2490 2492 2492 2493 2494 2495 2497 2497 2498 2499 2500 2501 2501 2505 2506 2508 2510 2511 2512 2513 2513 2514 2515 2515 2515 2515 2516 2516 2517 2518 2518 2519 2519 2520 2520 2521 2521 2522 2522 2523 2524 2525 2525 2526 2526 2526 2528 2529 2529 2530 2530 2530 2531 2533 2533 2534 2534 2536 2536 2536 2537 2537 2542 2543 2544 2545 2546 2549 2549 2549 2550 2552 2555 2555 2556 2558 2558 2558 2559 2560 2561 2562 
2563 2564 2565 2565 2565 2565 2566 2569 2569 2570 2570 2574 2574 2575 2575 2575 2575 2576 2576 2582 2584 2584 2587 2587 2588 2589 2589 2589 2590 2591 2591 2591 2592 2597 2598 2599 2605 2606 2608 2608 2608 2611 2612 2612 2614 2616 2616 2617 2618 2620 2620 2625 2625 2626 2629 2630 2631 2631 2636 2637 2637 2639 2639 2639 2640 2641 2644 2644 2645 2645 2645 2646 2648 2648 2649 2649 2651 2653 2654 2654 2655 2657 2659 2660 2661 2663 2663 2663 2663 2664 2665 2665 2666 2666 2668 2668 2670 2671 2672 2673 
2673 2674 2675 2677 2677 2679 2680 2681 2682 2682 2682 2683 2686 2686 2687 2689 2693 2693 2693 2695 2696 2697 2698 2701 2702 2702 2705 2706 2709 2710 2712 2713 2714 2714 2714 2717 2718 2718 2721 2721 2722 2723 2724 2724 2725 2726 2726 2727 2727 2729 2729 2729 2729 2730 2731 2734 2735 2735 2739 2739 2739 2741 2743 2743 2744 2744 2745 2747 2747 2748 2749 2749 2752 2753 2755 2756 2758 2758 2759 2759 2759 2760 2762 2763 2766 2768 2773 2773 2773 2774 2776 2777 2781 2781 2782 2783 2784 2784 2784 2784 
2785 2786 2789 2789 2793 2793 2794 2795 2795 2795 2798 2798 2798 2801 2802 2803 2806 2806 2807 2807 2807 2808 2809 2809 2810 2810 2810 2812 2812 2813 2814 2815 2815 2816 2816 2818 2818 2818 2818 2818 2819 2820 2820 2823 2825 2825 2826 2827 2827 2828 2828 2831 2831 2832 2833 2833 2834 2834 2835 2836 2837 2838 2839 2840 2841 2842 2843 2843 2846 2848 2850 2850 2852 2852 2853 2854 2855 2856 2857 2858 2859 2860 2862 2862 2862 2864 2865 2866 2867 2867 2869 2874 2875 2875 2875 2876 2878 2878 2878 2880 
2882 2882 2883 2884 2884 2885 2887 2888 2888 2888 2889 2889 2889 2891 2892 2897 2901 2901 2901 2902 2902 2904 2905 2907 2910 2910 2911 2912 2912 2913 2913 2914 2916 2916 2917 2917 2918 2920 2923 2924 2924 2925 2925 2926 2927 2927 2930 2930 2931 2933 2933 2934 2938 2938 2939 2939 2940 2941 2941 2941 2941 2942 2943 2945 2946 2946 2946 2947 2951 2951 2951 2953 2953 2953 2954 2955 2955 2956 2957 2957 2958 2959 2959 2963 2964 2967 2967 2968 2968 2969 2970 2970 2971 2971 2973 2974 2974 2975 2975 2976 
2977 2978 2978 2979 2980 2982 2982 2983 2984 2985 2986 2987 2987 2989 2992 2992 2992 2992 2995 2996 2999 3000 3000 3003 3004 3004 3006 3006 3008 3010 3011 3011 3012 3012 3015 3017 3017 3020 3020 3020 3024 3026 3026 3027 3028 3030 3031 3034 3034 3035 3037 3037 3037 3037 3040 3042 3043 3044 3045 3045 3045 3045 3046 3047 3048 3050 3050 3052 3055 3055 3057 3059 3059 3060 3061 3061 3064 3065 3067 3070 3071 3073 3074 3075 3078 3078 3078 3079 3080 3080 3081 3083 3084 3084 3085 3088 3088 3090 3091 3093 
3093 3095 3095 3096 3098 3098 3099 3100 3101 3101 3101 3102 3102 3103 3103 3106 3107 3108 3108 3111 3111 3111 3113 3113 3113 3113 3115 3116 3117 3120 3121 3122 3123 3125 3129 3129 3129 3130 3133 3133 3136 3136 3138 3138 3139 3141 3141 3141 3143 3143 3145 3146 3147 3148 3151 3151 3153 3156 3158 3160 3160 3160 3160 3161 3164 3164 3164 3164 3164 3167 3168 3168 3171 3172 3172 3175 3178 3180 3180 3183 3183 3185 3187 3187 3187 3187 3188 3188 3189 3190 3190 3191 3191 3192 3192 3192 3194 3195 3195 3195 
3199 3199 3199 3200 3201 3202 3203 3208 3208 3209 3209 3210 3211 3213 3215 3217 3220 3220 3220 3221 3222 3223 3224 3225 3225 3226 3227 3228 3229 3229 3231 3231 3231 3232 3233 3236 3240 3240 3240 3240 3242 3243 3244 3247 3247 3250 3253 3254 3254 3255 3255 3255 3257 3257 3261 3266 3266 3267 3267 3268 3268 3268 3269 3269 3269 3269 3270 3270 3271 3273 3274 3275 3275 3276 3277 3277 3279 3280 3281 3281 3282 3282 3282 3285 3285 3285 3285 3287 3288 3289 3289 3289 3289 3290 3290 3292 3292 3293 3294 3294 
3295 3295 3295 3297 3298 3299 3301 3303 3304 3304 3305 3306 3307 3307 3309 3310 3311 3311 3314 3315 3315 3317 3317 3319 3320 3321 3322 3323 3324 3326 3328 3329 3330 3330 3333 3333 3334 3334 3334 3335 3335 3336 3337 3340 3340 3341 3343 3345 3346 3346 3347 3350 3352 3352 3354 3354 3355 3358 3360 3360 3361 3361 3362 3362 3362 3363 3363 3366 3368 3369 3370 3370 3370 3370 3371 3371 3373 3373 3374 3374 3377 3378 3378 3380 3380 3383 3384 3385 3385 3385 3386 3387 3388 3391 3392 3393 3394 3396 3397 3398 
3398 3399 3400 3401 3406 3408 3408 3409 3410 3411 3411 3412 3413 3419 3423 3423 3423 3424 3425 3426 3428 3428 3430 3432 3432 3433 3434 3434 3434 3435 3435 3435 3437 3440 3442 3443 3444 3445 3447 3447 3448 3448 3449 3450 3450 3452 3458 3460 3462 3463 3464 3465 3465 3466 3468 3471 3471 3471 3472 3475 3476 3477 3477 3479 3483 3484 3485 3485 3485 3485 3485 3485 3486 3487 3488 3489 3490 3490 3493 3495 3497 3499 3500 3500 3502 3503 3504 3504 3504 3504 3506 3506 3507 3508 3508 3509 3510 3512 3513 3513 
3514 3515 3515 3515 3515 3517 3517 3518 3519 3519 3519 3520 3521 3524 3526 3526 3527 3528 3529 3530 3532 3532 3534 3534 3534 3535 3536 3536 3536 3536 3537 3537 3538 3538 3539 3539 3544 3544 3545 3545 3548 3548 3549 3550 3550 3551 3552 3553 3553 3554 3555 3556 3556 3559 3560 3561 3562 3565 3566 3567 3569 3569 3570 3571 3572 3573 3574 3574 3575 3576 3578 3578 3581 3581 3582 3583 3583 3583 3585 3585 3586 3586 3588 3589 3589 3590 3590 3591 3593 3593 3594 3595 3597 3598 3598 3598 3599 3600 3600 3600 
3600 3601 3601 3601 3601 3603 3604 3605 3606 3607 3607 3607 3608 3608 3609 3609 3611 3611 3613 3617 3617 3620 3623 3623 3623 3625 3625 3627 3628 3628 3629 3629 3631 3631 3632 3635 3635 3636 3637 3638 3639 3639 3640 3640 3640 3644 3644 3646 3646 3646 3646 3648 3649 3650 3651 3655 3657 3657 3658 3660 3661 3663 3664 3666 3666 3669 3669 3669 3670 3670 3670 3672 3672 3673 3675 3676 3677 3678 3678 3680 3681 3681 3684 3685 3686 3687 3689 3690 3692 3692 3695 3696 3698 3700 3702 3707 3707 3707 3709 3710 
3712 3712 3712 3714 3714 3715 3715 3716 3716 3717 3717 3717 3718 3718 3719 3721 3724 3724 3725 3725 3725 3726 3726 3727 3727 3728 3729 3729 3729 3731 3732 3735 3735 3736 3737 3738 3740 3741 3741 3742 3743 3743 3744 3744 3744 3745 3746 3747 3747 3751 3753 3753 3755 3756 3756 3756 3757 3757 3758 3759 3761 3761 3762 3763 3763 3765 3767 3767 3767 3768 3768 3769 3769 3770 3771 3771 3772 3774 3775 3775 3776 3777 3779 3780 3780 3781 3781 3781 3781 3782 3782 3784 3785 3786 3786 3787 3787 3787 3788 3788 
3788 3789 3789 3791 3791 3792 3794 3797 3800 3800 3800 3801 3802 3802 3803 3804 3804 3804 3807 3815 3815 3818 3818 3818 3820 3821 3821 3822 3825 3826 3826 3826 3827 3827 3828 3828 3829 3831 3831 3833 3833 3834 3835 3835 3836 3836 3837 3838 3839 3839 3839 3841 3841 3842 3847 3847 3847 3847 3848 3848 3848 3849 3849 3850 3850 3852 3853 3854 3854 3855 3857 3857 3858 3860 3860 3861 3863 3863 3863 3864 3864 3864 3866 3868 3869 3871 3871 3872 3875 3875 3877 3879 3879 3880 3882 3883 3885 3885 3886 3887 
3888 3889 3889 3890 3892 3898 3898 3899 3900 3900 3900 3901 3901 3902 3902 3903 3903 3903 3905 3905 3909 3910 3911 3911 3911 3911 3913 3913 3914 3915 3915 3915 3917 3918 3920 3921 3924 3924 3925 3925 3930 3930 3931 3931 3936 3937 3939 3940 3941 3945 3948 3948 3948 3948 3949 3949 3950 3952 3952 3953 3954 3954 3954 3955 3955 3955 3955 3956 3956 3957 3957 3959 3959 3960 3962 3964 3965 3966 3967 3968 3970 3971 3972 3973 3973 3974 3978 3982 3983 3984 3984 3985 3985 3986 3987 3987 3989 3989 3989 3991 
3992 3996 3997 3997 3998 3999 4001 4001 4007 4007 4009 4010 4011 4011 4012 4014 4015 4015 4016 4016 4018 4018 4020 4021 4021 4022 4022 4023 4024 4025 4031 4032 4032 4033 4035 4035 4035 4036 4037 4037 4038 4041 4043 4044 4045 4046 4047 4047 4050 4050 4050 4051 4052 4054 4057 4057 4059 4059 4060 4060 4060 4060 4061 4064 4065 4066 4067 4067 4069 4069 4070 4070 4071 4073 4074 4074 4074 4076 4077 4078 4079 4079 4079 4082 4082 4083 4083 4084 4085 4086 4087 4087 4087 4090 4090 4092 4093 4093 4093 4094 
4094 4095 4096 4097 4097 4097 4097 4097 4097 4098 4098 4099 4099 4100 4100 4101 4101 4102 4102 4104 4104 4104 4105 4108 4110 4110 4113 4113 4114 4115 4115 4116 4118 4118 4119 4120 4120 4121 4121 4121 4123 4125 4125 4126 4126 4127 4129 4130 4133 4134 4134 4135 4137 4140 4143 4143 4144 4144 4147 4147 4147 4149 4151 4152 4155 4157 4157 4157 4158 4159 4160 4160 4162 4162 4162 4163 4164 4165 4165 4167 4168 4169 4172 4174 4174 4175 4175 4176 4179 4179 4179 4180 4180 4180 4181 4182 4185 4186 4187 4187 
4188 4189 4193 4193 4194 4195 4195 4196 4198 4198 4198 4199 4200 4203 4203 4205 4206 4206 4206 4207 4208 4210 4213 4213 4215 4219 4219 4220 4223 4225 4227 4228 4229 4229 4231 4233 4234 4235 4235 4236 4237 4238 4238 4238 4242 4243 4243 4245 4245 4246 4246 4249 4251 4254 4254 4255 4256 4257 4258 4261 4262 4262 4262 4263 4264 4264 4265 4266 4267 4268 4268 4272 4272 4273 4273 4274 4274 4274 4274 4275 4275 4275 4275 4276 4276 4278 4278 4279 4279 4280 4280 4281 4282 4284 4284 4288 4289 4289 4289 4290 
4291 4292 4292 4293 4295 4295 4296 4299 4300 4301 4302 4302 4303 4305 4305 4308 4309 4312 4313 4314 4316 4317 4319 4319 4319 4321 4322 4322 4324 4324 4325 4325 4325 4326 4332 4332 4333 4336 4336 4337 4337 4339 4342 4342 4344 4346 4352 4352 4353 4353 4353 4353 4354 4355 4355 4357 4357 4359 4363 4363 4364 4364 4366 4368 4369 4369 4369 4370 4371 4371 4371 4372 4374 4374 4374 4375 4378 4378 4380 4380 4382 4382 4383 4384 4386 4387 4388 4389 4389 4390 4391 4391 4392 4393 4393 4394 4394 4395 4395 4397 
4397 4398 4400 4402 4403 4404 4405 4405 4406 4406 4408 4408 4409 4411 4412 4413 4414 4414 4414 4415 4416 4417 4418 4419 4419 4420 4420 4421 4421 4422 4422 4422 4423 4424 4424 4424 4425 4426 4427 4428 4428 4429 4430 4431 4433 4436 4436 4436 4437 4438 4441 4441 4443 4443 4444 4444 4445 4445 4447 4447 4448 4448 4448 4450 4450 4450 4452 4452 4452 4455 4456 4458 4458 4459 4459 4459 4460 4460 4462 4464 4464 4468 4468 4469 4470 4470 4471 4472 4472 4475 4477 4477 4477 4477 4477 4478 4478 4478 4481 4482 
4482 4483 4485 4485 4487 4488 4488 4490 4490 4493 4494 4494 4495 4496 4497 4497 4499 4499 4499 4500 4501 4501 4501 4501 4501 4502 4502 4504 4504 4505 4505 4506 4507 4508 4509 4509 4511 4511 4511 4512 4512 4513 4513 4514 4515 4515 4516 4516 4518 4520 4521 4521 4521 4521 4521 4522 4524 4524 4524 4525 4525 4526 4526 4528 4528 4528 4529 4530 4530 4531 4533 4533 4534 4534 4535 4535 4535 4535 4540 4544 4544 4544 4546 4547 4548 4549 4550 4550 4550 4550 4553 4555 4559 4560 4562 4563 4564 4565 4565 4566 
4567 4567 4567 4567 4568 4568 4569 4569 4570 4570 4570 4572 4574 4576 4577 4578 4581 4581 4584 4585 4586 4586 4590 4591 4593 4594 4595 4596 4598 4598 4599 4604 4604 4605 4605 4605 4606 4606 4608 4608 4609 4609 4613 4613 4614 4614 4616 4618 4618 4619 4619 4621 4622 4622 4622 4622 4622 4622 4624 4625 4626 4628 4629 4630 4632 4633 4636 4638 4638 4638 4640 4641 4642 4642 4643 4644 4644 4644 4646 4646 4646 4648 4650 4650 4652 4652 4653 4656 4656 4661 4662 4662 4662 4662 4663 4663 4664 4665 4665 4666 
4668 4670 4673 4674 4676 4676 4676 4678 4679 4680 4682 4683 4685 4685 4689 4691 4692 4693 4694 4694 4695 4695 4696 4697 4698 4698 4699 4699 4700 4701 4704 4705 4705 4710 4713 4719 4719 4719 4723 4725 4725 4725 4727 4727 4728 4728 4729 4729 4731 4733 4734 4735 4735 4735 4738 4742 4742 4743 4743 4744 4745 4746 4747 4748 4748 4750 4750 4753 4754 4754 4755 4755 4756 4757 4757 4758 4758 4758 4758 4759 4760 4762 4762 4762 4762 4762 4763 4763 4764 4764 4765 4766 4768 4770 4775 4775 4777 4780 4780 4781 
4782 4785 4785 4788 4788 4790 4791 4791 4792 4793 4793 4794 4794 4795 4796 4798 4800 4801 4802 4804 4806 4807 4808 4808 4810 4814 4815 4817 4817 4823 4824 4824 4825 4828 4830 4830 4830 4831 4833 4834 4835 4835 4835 4836 4837 4837 4839 4840 4841 4841 4842 4843 4843 4844 4845 4845 4846 4847 4847 4849 4851 4851 4852 4852 4852 4853 4854 4855 4855 4855 4856 4858 4858 4859 4859 4862 4862 4863 4863 4863 4863 4864 4864 4864 4865 4865 4867 4867 4869 4870 4870 4872 4873 4874 4875 4875 4876 4877 4877 4877 
4880 4881 4882 4886 4888 4889 4892 4892 4893 4894 4894 4894 4895 4896 4897 4898 4898 4899 4901 4902 4902 4902 4903 4903 4903 4904 4904 4905 4906 4906 4909 4909 4911 4912 4912 4916 4917 4918 4918 4918 4919 4920 4920 4921 4921 4922 4923 4925 4925 4925 4927 4928 4932 4933 4934 4935 4935 4936 4936 4938 4940 4941 4942 4943 4943 4944 4946 4946 4950 4951 4952 4952 4952 4953 4953 4954 4954 4955 4956 4956 4956 4957 4959 4960 4961 4962 4962 4963 4963 4964 4965 4967 4968 4969 4971 4971 4972 4973 4974 4974 
4975 4975 4977 4977 4977 4977 4980 4980 4981 4981 4982 4983 4984 4985 4987 4988 4989 4989 4990 4991 4992 4992 4995 4995 4997 4998 5000 5000 5001 5001 5002 5003 5004 5006 5006 5007 5007 5008 5008 5009 5009 5010 5011 5012 5013 5016 5017 5019 5019 5019 5022 5023 5024 5025 5025 5026 5029 5029 5030 5030 5032 5033 5033 5034 5035 5035 5038 5041 5041 5042 5043 5043 5044 5048 5048 5049 5052 5052 5054 5055 5055 5055 5056 5058 5058 5060 5060 5061 5061 5062 5065 5066 5067 5068 5069 5070 5072 5072 5073 5074 
5074 5075 5076 5078 5079 5080 5082 5082 5083 5083 5083 5084 5084 5085 5086 5086 5086 5087 5087 5088 5089 5090 5090 5092 5094 5096 5097 5097 5098 5098 5098 5099 5100 5100 5100 5101 5102 5104 5104 5104 5106 5106 5107 5107 5107 5110 5110 5111 5112 5112 5114 5115 5115 5116 5116 5120 5124 5125 5126 5126 5127 5127 5128 5129 5131 5131 5131 5132 5133 5134 5134 5134 5134 5135 5135 5135 5136 5137 5138 5140 5143 5144 5145 5145 5149 5150 5152 5153 5153 5153 5157 5157 5157 5160 5160 5161 5163 5163 5163 5165 
5166 5167 5167 5169 5170 5171 5174 5176 5177 5182 5183 5183 5184 5186 5186 5189 5190 5191 5192 5194 5195 5195 5196 5196 5197 5198 5199 5199 5199 5200 5202 5206 5206 5207 5211 5212 5216 5216 5216 5218 5218 5221 5222 5222 5223 5223 5223 5224 5224 5225 5226 5228 5229 5233 5233 5235 5235 5236 5236 5239 5239 5241 5243 5244 5245 5245 5246 5247 5247 5248 5248 5248 5252 5252 5253 5253 5254 5255 5255 5255 5257 5257 5258 5260 5264 5266 5267 5267 5268 5268 5273 5275 5277 5279 5279 5281 5281 5281 5283 5287 
5287 5290 5291 5293 5293 5294 5295 5296 5298 5299 5301 5302 5304 5304 5304 5306 5308 5314 5314 5314 5314 5315 5318 5319 5320 5320 5320 5322 5323 5324 5325 5325 5326 5326 5326 5327 5330 5330 5331 5332 5333 5333 5337 5337 5338 5340 5341 5341 5343 5343 5344 5345 5346 5346 5347 5349 5351 5351 5353 5358 5358 5358 5360 5360 5361 5363 5366 5366 5366 5369 5372 5373 5373 5374 5374 5375 5375 5375 5375 5378 5379 5379 5380 5380 5380 5382 5383 5383 5384 5384 5387 5387 5390 5391 5392 5394 5394 5396 5398 5399 
5399 5401 5402 5402 5402 5404 5406 5406 5407 5409 5409 5410 5411 5411 5412 5413 5415 5415 5415 5416 5416 5416 5417 5419 5420 5420 5421 5422 5423 5424 5424 5427 5429 5429 5433 5433 5433 5433 5435 5436 5437 5437 5440 5441 5441 5442 5445 5447 5447 5448 5448 5448 5449 5450 5451 5453 5454 5454 5454 5455 5455 5456 5456 5458 5458 5459 5459 5461 5462 5462 5462 5463 5464 5464 5464 5470 5470 5471 5471 5471 5472 5472 5473 5474 5478 5479 5479 5480 5480 5483 5486 5486 5487 5489 5490 5491 5492 5494 5496 5498 
5502 5503 5505 5508 5508 5509 5509 5509 5510 5512 5514 5515 5515 5517 5517 5519 5520 5521 5521 5521 5522 5524 5527 5528 5529 5529 5530 5530 5530 5532 5532 5533 5534 5534 5534 5536 5536 5537 5538 5539 5540 5540 5540 5541 5544 5544 5546 5547 5547 5548 5549 5550 5551 5553 5554 5555 5556 5557 5557 5557 5557 5558 5558 5558 5559 5559 5562 5562 5562 5563 5566 5567 5569 5569 5570 5572 5575 5578 5578 5579 5579 5579 5579 5581 5582 5584 5584 5585 5587 5588 5588 5588 5589 5590 5591 5593 5593 5595 5596 5597 
5597 5598 5598 5602 5603 5603 5603 5605 5606 5607 5608 5609 5610 5611 5614 5616 5616 5616 5617 5619 5619 5620 5621 5622 5622 5623 5624 5629 5630 5630 5631 5632 5632 5632 5633 5634 5634 5634 5635 5638 5638 5639 5641 5641 5642 5642 5643 5643 5644 5644 5650 5651 5655 5656 5657 5659 5662 5663 5666 5667 5668 5669 5670 5671 5673 5673 5674 5674 5674 5677 5678 5679 5680 5680 5682 5684 5685 5686 5688 5690 5691 5691 5694 5695 5696 5697 5697 5698 5700 5701 5701 5702 5703 5703 5703 5704 5704 5706 5708 5708 
5708 5710 5712 5718 5719 5720 5721 5722 5722 5726 5726 5727 5728 5729 5730 5732 5733 5734 5735 5737 5737 5739 5740 5741 5743 5743 5743 5743 5744 5747 5749 5755 5755 5758 5759 5761 5763 5763 5763 5765 5766 5767 5769 5770 5770 5770 5770 5771 5772 5774 5777 5778 5779 5779 5780 5783 5783 5783 5785 5786 5786 5789 5790 5791 5791 5792 5792 5793 5793 5795 5797 5797 5798 5798 5800 5802 5802 5803 5803 5805 5806 5807 5808 5808 5809 5810 5811 5812 5812 5815 5816 5816 5816 5817 5817 5818 5818 5820 5821 5822 
5823 5826 5826 5827 5828 5828 5830 5831 5833 5834 5835 5836 5839 5842 5842 5842 5843 5843 5843 5844 5845 5845 5845 5846 5847 5849 5849 5852 5855 5856 5856 5857 5858 5859 5860 5861 5862 5863 5864 5866 5866 5867 5871 5871 5873 5873 5874 5885 5885 5885 5886 5887 5887 5889 5889 5892 5892 5893 5893 5893 5893 5895 5895 5896 5896 5896 5898 5899 5899 5900 5900 5901 5901 5902 5903 5903 5906 5906 5907 5908 5908 5908 5909 5909 5912 5912 5912 5914 5914 5915 5915 5916 5920 5922 5925 5927 5929 5929 5930 5933 
5933 5933 5933 5934 5936 5938 5940 5940 5942 5942 5944 5947 5948 5948 5948 5949 5951 5952 5953 5954 5954 5955 5956 5956 5957 5957 5957 5960 5962 5962 5962 5962 5962 5963 5963 5964 5966 5971 5972 5972 5974 5974 5975 5976 5976 5977 5978 5980 5981 5981 5982 5984 5985 5985 5988 5990 5991 5991 5991 5992 5993 5993 5994 5996 5998 5998 5999 6002 6002 6006 6008 6010 6011 6011 6013 6013 6014 6014 6019 6019 6020 6020 6021 6022 6024 6024 6025 6025 6025 6026 6026 6026 6027 6028 6029 6030 6030 6031 6031 6032 
6032 6032 6034 6036 6036 6040 6041 6042 6042 6043 6043 6043 6045 6045 6046 6048 6048 6049 6050 6050 6050 6050 6051 6051 6052 6052 6053 6053 6054 6054 6054 6054 6056 6058 6058 6061 6061 6061 6064 6066 6066 6067 6067 6067 6069 6069 6070 6072 6072 6075 6076 6076 6078 6079 6079 6080 6080 6080 6080 6080 6083 6084 6087 6088 6088 6089 6090 6091 6092 6092 6092 6093 6094 6097 6099 6099 6100 6101 6104 6105 6107 6107 6107 6107 6109 6110 6111 6112 6112 6114 6116 6116 6118 6121 6123 6127 6128 6131 6133 6134 
6134 6134 6137 6137 6138 6140 6140 6142 6143 6144 6145 6145 6145 6145 6147 6151 6153 6153 6154 6154 6154 6154 6156 6157 6158 6159 6159 6159 6160 6160 6161 6162 6162 6162 6163 6164 6167 6168 6168 6168 6170 6171 6171 6172 6172 6174 6176 6178 6183 6183 6183 6186 6186 6187 6192 6192 6193 6194 6196 6196 6197 6197 6197 6198 6199 6199 6200 6202 6202 6203 6203 6203 6203 6206 6206 6209 6211 6213 6213 6213 6215 6217 6217 6218 6219 6219 6219 6220 6220 6222 6226 6226 6228 6229 6229 6231 6232 6232 6232 6232 
6234 6235 6235 6236 6236 6237 6238 6238 6238 6238 6238 6238 6239 6239 6246 6246 6246 6247 6249 6250 6251 6251 6253 6254 6255 6258 6258 6258 6260 6260 6260 6261 6264 6265 6267 6267 6270 6271 6272 6272 6272 6273 6274 6274 6274 6274 6275 6277 6280 6283 6285 6287 6289 6291 6291 6292 6292 6292 6294 6294 6296 6298 6299 6299 6300 6300 6301 6301 6301 6306 6307 6309 6310 6310 6310 6310 6310 6311 6312 6312 6313 6314 6314 6315 6316 6317 6319 6319 6319 6320 6321 6322 6322 6323 6323 6324 6325 6325 6326 6326 
6327 6329 6329 6330 6331 6331 6333 6333 6333 6334 6335 6337 6338 6338 6338 6338 6339 6339 6340 6340 6340 6341 6342 6342 6342 6343 6343 6343 6350 6351 6351 6351 6352 6353 6353 6353 6356 6357 6358 6359 6359 6361 6363 6363 6364 6366 6366 6367 6367 6370 6370 6370 6370 6372 6372 6373 6376 6377 6379 6382 6382 6383 6384 6385 6385 6387 6388 6388 6388 6389 6391 6393 6395 6398 6399 6400 6402 6403 6403 6405 6405 6406 6407 6408 6408 6408 6409 6410 6411 6411 6412 6413 6413 6415 6418 6419 6420 6420 6424 6425 
6427 6430 6430 6432 6433 6434 6435 6435 6435 6436 6437 6437 6438 6438 6438 6439 6440 6443 6444 6445 6447 6448 6448 6450 6450 6451 6454 6454 6454 6455 6457 6458 6459 6460 6461 6461 6463 6463 6465 6465 6466 6468 6468 6469 6470 6471 6472 6473 6475 6476 6477 6478 6480 6480 6480 6480 6480 6483 6484 6484 6484 6484 6485 6488 6488 6488 6489 6489 6490 6491 6492 6495 6496 6496 6496 6496 6497 6498 6498 6499 6500 6500 6501 6503 6503 6503 6503 6504 6504 6504 6508 6509 6513 6513 6517 6519 6521 6521 6522 6522 
6523 6524 6524 6526 6526 6526 6527 6527 6528 6529 6529 6530 6530 6530 6531 6532 6532 6533 6537 6538 6538 6540 6541 6542 6543 6544 6544 6545 6546 6547 6547 6548 6550 6550 6551 6551 6553 6553 6555 6555 6556 6557 6558 6559 6560 6563 6564 6565 6566 6566 6567 6569 6569 6570 6570 6570 6571 6571 6573 6573 6575 6576 6579 6579 6579 6580 6580 6580 6580 6582 6582 6583 6583 6584 6585 6587 6587 6588 6589 6589 6589 6590 6591 6591 6595 6595 6595 6596 6596 6598 6599 6599 6600 6600 6600 6602 6602 6603 6605 6607 
6608 6609 6609 6612 6612 6613 6614 6615 6615 6618 6620 6620 6620 6622 6622 6623 6623 6624 6625 6625 6627 6629 6630 6630 6630 6630 6630 6631 6631 6632 6633 6634 6634 6636 6640 6641 6641 6641 6642 6643 6644 6644 6646 6647 6647 6648 6649 6650 6650 6650 6650 6651 6651 6653 6653 6654 6654 6658 6659 6659 6659 6660 6661 6662 6662 6662 6664 6665 6666 6666 6668 6671 6672 6672 6672 6674 6675 6677 6677 6678 6679 6680 6680 6681 6681 6681 6682 6682 6684 6684 6685 6685 6685 6686 6686 6688 6688 6688 6690 6691 
6692 6692 6693 6695 6697 6699 6700 6701 6704 6707 6707 6707 6709 6709 6711 6711 6711 6712 6713 6713 6713 6716 6716 6717 6719 6719 6720 6721 6722 6722 6723 6726 6728 6729 6730 6734 6734 6734 6735 6735 6735 6737 6738 6738 6739 6740 6741 6742 6743 6744 6745 6746 6746 6747 6748 6748 6748 6748 6748 6749 6753 6754 6755 6757 6757 6758 6758 6759 6760 6761 6763 6766 6766 6766 6767 6770 6772 6773 6774 6774 6776 6776 6776 6779 6780 6783 6784 6785 6787 6788 6791 6793 6794 6795 6797 6798 6801 6802 6802 6805 
6805 6806 6806 6806 6808 6808 6810 6812 6813 6814 6816 6816 6817 6817 6817 6817 6819 6819 6819 6819 6822 6826 6827 6827 6828 6828 6829 6830 6831 6832 6833 6834 6835 6836 6836 6836 6840 6841 6841 6842 6843 6844 6845 6852 6853 6853 6854 6855 6856 6858 6859 6859 6860 6861 6861 6862 6863 6864 6864 6865 6865 6865 6866 6866 6866 6867 6868 6870 6870 6872 6872 6875 6878 6879 6879 6879 6880 6881 6882 6884 6884 6886 6887 6887 6887 6888 6889 6892 6893 6894 6895 6896 6897 6897 6900 6900 6902 6902 6903 6903 
6903 6906 6909 6910 6910 6911 6911 6912 6914 6916 6916 6918 6918 6919 6919 6920 6920 6921 6924 6924 6924 6929 6929 6929 6930 6930 6931 6931 6931 6933 6933 6934 6934 6935 6936 6936 6937 6937 6937 6938 6939 6939 6940 6940 6940 6941 6941 6941 6941 6942 6943 6946 6949 6951 6951 6952 6952 6956 6958 6958 6958 6958 6960 6960 6961 6962 6967 6967 6967 6968 6969 6969 6970 6970 6971 6972 6973 6974 6975 6976 6976 6976 6978 6979 6980 6980 6980 6983 6984 6984 6984 6984 6984 6985 6985 6986 6988 6990 6991 6991 
6994 6994 6995 6995 6996 6998 6999 7000 7000 7002 7002 7002 7003 7003 7004 7004 7004 7006 7006 7009 7009 7009 7010 7011 7012 7012 7012 7013 7013 7014 7014 7014 7016 7016 7016 7017 7017 7017 7020 7020 7020 7022 7022 7023 7024 7024 7025 7025 7026 7026 7026 7028 7029 7030 7030 7032 7032 7032 7033 7034 7035 7035 7036 7037 7040 7041 7041 7042 7042 7044 7045 7045 7046 7046 7047 7048 7049 7050 7051 7051 7052 7053 7056 7056 7056 7056 7057 7057 7057 7058 7058 7059 7060 7061 7062 7062 7063 7063 7064 7065 
7065 7065 7066 7066 7067 7068 7069 7070 7070 7071 7072 7073 7074 7075 7076 7077 7078 7078 7081 7081 7081 7082 7082 7083 7084 7084 7084 7086 7086 7087 7087 7087 7090 7091 7091 7092 7092 7093 7095 7095 7096 7097 7098 7098 7099 7100 7100 7101 7101 7102 7103 7104 7107 7110 7111 7112 7113 7113 7114 7115 7115 7116 7118 7121 7121 7122 7123 7124 7126 7128 7130 7131 7132 7132 7133 7134 7135 7136 7136 7137 7137 7137 7138 7140 7141 7142 7144 7144 7144 7144 7145 7146 7148 7150 7150 7158 7160 7160 7161 7161 
7162 7162 7163 7164 7166 7167 7168 7168 7171 7172 7172 7173 7175 7175 7175 7175 7176 7179 7179 7181 7182 7182 7182 7183 7183 7185 7187 7189 7190 7190 7190 7191 7191 7191 7192 7193 7193 7194 7194 7195 7196 7196 7196 7196 7197 7198 7199 7200 7200 7202 7202 7203 7206 7207 7207 7207 7208 7210 7211 7211 7213 7213 7214 7215 7215 7215 7215 7216 7216 7220 7221 7221 7221 7223 7223 7223 7223 7224 7226 7227 7228 7228 7230 7231 7231 7233 7234 7235 7236 7236 7236 7236 7237 7239 7239 7241 7242 7242 7243 7243 
7244 7244 7245 7246 7246 7247 7247 7250 7251 7251 7254 7255 7255 7255 7257 7258 7258 7259 7259 7259 7260 7260 7261 7262 7263 7263 7264 7264 7266 7266 7267 7268 7268 7274 7275 7276 7277 7277 7278 7278 7278 7280 7281 7281 7282 7284 7287 7289 7295 7295 7295 7296 7296 7296 7298 7299 7300 7301 7303 7304 7304 7305 7306 7306 7306 7306 7311 7312 7313 7314 7316 7318 7318 7318 7318 7319 7320 7320 7322 7323 7324 7325 7325 7325 7327 7329 7330 7330 7330 7330 7331 7332 7333 7335 7336 7338 7339 7339 7341 7341 
7342 7343 7344 7344 7344 7345 7347 7347 7347 7347 7348 7348 7349 7350 7351 7352 7353 7353 7353 7354 7354 7357 7358 7361 7362 7362 7362 7364 7367 7368 7369 7370 7370 7371 7373 7375 7376 7376 7379 7381 7384 7386 7387 7388 7389 7390 7390 7390 7393 7393 7393 7394 7395 7396 7398 7398 7398 7400 7400 7400 7401 7403 7404 7405 7405 7405 7406 7407 7407 7408 7408 7410 7411 7412 7413 7414 7417 7420 7421 7422 7422 7423 7423 7424 7424 7426 7426 7427 7429 7430 7430 7430 7431 7432 7432 7434 7434 7435 7437 7437 
7437 7438 7439 7439 7440 7441 7441 7441 7442 7443 7445 7445 7447 7448 7448 7448 7449 7450 7452 7452 7452 7454 7455 7455 7458 7458 7458 7461 7462 7463 7466 7466 7467 7467 7468 7469 7469 7470 7470 7471 7471 7474 7475 7476 7477 7477 7478 7482 7483 7484 7484 7486 7486 7486 7488 7488 7489 7490 7491 7494 7494 7495 7496 7497 7497 7497 7498 7500 7501 7505 7506 7506 7507 7508 7508 7509 7511 7513 7514 7515 7515 7516 7516 7516 7520 7520 7522 7522 7522 7523 7523 7524 7524 7530 7531 7531 7534 7535 7536 7537 
7540 7540 7540 7541 7542 7543 7543 7544 7544 7549 7549 7549 7551 7552 7553 7553 7553 7554 7554 7555 7556 7557 7559 7560 7560 7560 7561 7561 7562 7562 7563 7565 7565 7567 7570 7570 7571 7571 7573 7573 7574 7575 7576 7576 7578 7581 7582 7582 7585 7585 7587 7587 7587 7592 7594 7596 7596 7598 7599 7601 7603 7604 7608 7608 7608 7608 7609 7611 7612 7613 7613 7614 7615 7615 7615 7616 7617 7619 7620 7620 7620 7620 7621 7621 7621 7621 7623 7623 7623 7624 7624 7625 7626 7629 7629 7629 7630 7632 7634 7635 
7637 7638 7642 7642 7643 7645 7646 7647 7647 7647 7648 7648 7653 7654 7655 7656 7658 7658 7662 7663 7663 7664 7664 7665 7666 7666 7666 7666 7666 7666 7667 7667 7668 7669 7669 7669 7672 7672 7674 7675 7677 7677 7679 7680 7681 7684 7684 7685 7685 7687 7689 7691 7692 7693 7694 7695 7695 7697 7698 7699 7700 7701 7702 7703 7704 7705 7706 7708 7708 7710 7711 7712 7712 7712 7714 7714 7715 7715 7717 7717 7718 7721 7722 7723 7723 7725 7726 7729 7729 7731 7731 7732 7733 7733 7734 7739 7739 7741 7742 7742 
7744 7746 7747 7748 7749 7752 7752 7753 7756 7757 7757 7757 7760 7760 7761 7761 7765 7766 7767 7770 7771 7772 7772 7772 7774 7774 7775 7776 7776 7777 7778 7779 7780 7781 7781 7781 7781 7781 7782 7782 7782 7782 7783 7784 7784 7788 7788 7789 7792 7792 7798 7799 7799 7801 7801 7802 7802 7802 7803 7805 7806 7806 7807 7808 7808 7808 7808 7809 7810 7810 7812 7814 7816 7818 7818 7818 7819 7823 7824 7824 7826 7826 7827 7828 7829 7830 7830 7830 7831 7832 7833 7833 7833 7833 7834 7835 7836 7838 7838 7839 
7843 7844 7846 7847 7848 7849 7849 7850 7851 7851 7855 7855 7855 7857 7857 7857 7858 7860 7860 7862 7862 7862 7866 7867 7870 7871 7871 7873 7873 7874 7875 7876 7879 7879 7881 7883 7886 7887 7889 7889 7889 7890 7890 7891 7891 7891 7891 7893 7894 7895 7895 7897 7898 7899 7903 7904 7905 7907 7908 7909 7909 7912 7913 7913 7913 7915 7918 7921 7922 7922 7924 7924 7926 7928 7929 7930 7930 7930 7930 7931 7931 7936 7937 7937 7938 7939 7939 7942 7942 7944 7947 7947 7948 7949 7950 7951 7953 7953 7953 7954 
7956 7957 7958 7958 7958 7958 7959 7960 7962 7963 7965 7966 7967 7968 7968 7969 7971 7971 7972 7974 7975 7976 7976 7979 7979 7979 7980 7980 7982 7983 7985 7986 7986 7987 7988 7989 7990 7991 7993 7993 7994 7995 7995 7996 7996 8000 8000 8001 8001 8001 8002 8006 8008 8010 8010 8010 8010 8011 8011 8011 8013 8013 8013 8013 8014 8015 8019 8021 8025 8025 8025 8027 8027 8029 8031 8032 8033 8033 8035 8035 8036 8036 8037 8037 8038 8038 8039 8039 8040 8042 8044 8046 8046 8047 8047 8048 8049 8049 8050 8051 
8051 8056 8056 8057 8057 8058 8058 8058 8059 8060 8060 8061 8061 8061 8062 8062 8062 8063 8063 8064 8064 8065 8067 8067 8068 8068 8068 8069 8069 8070 8070 8071 8072 8072 8073 8075 8076 8076 8076 8078 8078 8080 8081 8081 8083 8084 8086 8088 8088 8090 8090 8091 8092 8092 8094 8095 8095 8096 8097 8099 8100 8102 8104 8105 8106 8106 8107 8108 8108 8116 8116 8116 8117 8117 8117 8117 8118 8119 8119 8120 8125 8127 8128 8128 8129 8131 8132 8132 8132 8133 8134 8135 8137 8137 8139 8140 8140 8141 8142 8142 
8142 8142 8143 8145 8145 8146 8146 8147 8153 8153 8156 8156 8156 8158 8158 8160 8160 8160 8161 8162 8162 8162 8163 8165 8168 8169 8170 8172 8172 8174 8174 8176 8176 8177 8177 8177 8178 8178 8180 8180 8181 8181 8181 8182 8182 8183 8184 8184 8185 8186 8188 8188 8188 8188 8189 8189 8190 8190 8191 8193 8194 8196 8197 8198 8200 8200 8202 8203 8205 8208 8209 8209 8210 8210 8210 8210 8212 8212 8214 8215 8216 8217 8217 8218 8219 8220 8220 8222 8226 8226 8227 8228 8229 8232 8233 8234 8235 8235 8236 8237 
8243 8243 8245 8246 8247 8248 8248 8250 8251 8251 8253 8254 8254 8255 8258 8261 8262 8262 8264 8265 8265 8268 8269 8270 8270 8270 8272 8275 8275 8277 8277 8278 8279 8280 8281 8281 8282 8283 8283 8284 8287 8287 8288 8288 8289 8291 8291 8293 8294 8296 8298 8298 8299 8300 8300 8300 8301 8302 8305 8306 8306 8307 8309 8312 8314 8316 8318 8318 8319 8319 8321 8322 8323 8325 8326 8327 8328 8329 8329 8331 8331 8332 8333 8335 8336 8337 8339 8342 8343 8345 8345 8347 8349 8349 8349 8352 8357 8358 8361 8362 
8365 8365 8368 8370 8371 8371 8371 8372 8372 8375 8375 8376 8376 8376 8378 8378 8379 8380 8381 8381 8381 8385 8386 8388 8388 8389 8390 8390 8392 8393 8395 8396 8398 8398 8399 8402 8402 8403 8404 8405 8405 8407 8407 8407 8409 8411 8411 8412 8415 8417 8418 8419 8419 8421 8423 8423 8424 8425 8425 8425 8426 8426 8426 8426 8428 8429 8430 8431 8431 8431 8432 8433 8434 8434 8434 8435 8438 8439 8439 8440 8442 8443 8444 8444 8445 8445 8445 8446 8446 8447 8450 8450 8451 8451 8454 8454 8456 8456 8457 8457 
8459 8460 8460 8460 8461 8462 8463 8465 8465 8465 8465 8466 8466 8467 8468 8468 8471 8473 8475 8475 8476 8478 8478 8479 8481 8482 8482 8484 8484 8485 8485 8486 8486 8486 8486 8490 8491 8491 8491 8491 8493 8494 8495 8496 8496 8497 8499 8501 8502 8503 8505 8506 8508 8509 8510 8511 8511 8512 8515 8516 8516 8517 8518 8518 8520 8521 8522 8522 8522 8523 8527 8527 8531 8532 8533 8535 8536 8537 8537 8538 8541 8541 8541 8541 8542 8542 8542 8543 8543 8544 8545 8545 8546 8549 8549 8550 8550 8552 8552 8554 
8554 8555 8555 8557 8566 8566 8567 8568 8568 8569 8570 8570 8571 8572 8572 8574 8578 8579 8580 8580 8582 8583 8583 8585 8585 8586 8587 8587 8589 8589 8590 8591 8594 8596 8597 8600 8600 8600 8601 8602 8602 8603 8604 8605 8607 8607 8608 8608 8608 8611 8612 8613 8613 8615 8615 8618 8618 8619 8619 8621 8621 8623 8626 8631 8632 8633 8634 8634 8635 8635 8635 8636 8637 8639 8641 8642 8642 8643 8644 8644 8646 8647 8647 8648 8649 8653 8654 8654 8654 8654 8656 8657 8657 8659 8659 8659 8660 8660 8662 8663 
8664 8665 8666 8666 8667 8668 8671 8671 8672 8672 8672 8672 8673 8675 8675 8675 8678 8678 8679 8680 8681 8682 8683 8684 8685 8685 8686 8687 8687 8688 8688 8690 8691 8691 8694 8695 8699 8700 8702 8704 8704 8704 8706 8707 8708 8709 8709 8709 8710 8712 8712 8714 8715 8717 8718 8720 8723 8724 8724 8724 8726 8728 8728 8729 8732 8733 8734 8734 8735 8735 8735 8736 8736 8737 8739 8739 8742 8742 8745 8746 8749 8751 8752 8753 8756 8758 8758 8759 8761 8766 8768 8768 8770 8770 8771 8771 8772 8774 8774 8777 
8777 8778 8779 8779 8780 8782 8782 8784 8784 8784 8789 8790 8790 8792 8793 8795 8795 8795 8795 8796 8799 8803 8805 8806 8806 8809 8810 8811 8811 8812 8813 8814 8815 8817 8818 8818 8820 8820 8821 8821 8823 8824 8824 8824 8828 8830 8830 8831 8832 8833 8833 8834 8835 8835 8837 8841 8841 8842 8842 8843 8843 8846 8848 8849 8850 8850 8850 8852 8853 8855 8858 8858 8862 8862 8863 8866 8867 8868 8872 8872 8874 8874 8875 8875 8877 8879 8879 8880 8880 8880 8880 8885 8886 8886 8888 8888 8889 8889 8892 8892 
8894 8894 8895 8895 8895 8895 8896 8896 8898 8905 8906 8907 8908 8909 8910 8910 8910 8914 8914 8914 8914 8914 8915 8916 8917 8917 8918 8920 8922 8923 8923 8925 8926 8928 8928 8929 8929 8930 8930 8936 8937 8938 8938 8939 8940 8942 8944 8945 8945 8946 8946 8946 8946 8947 8948 8949 8949 8951 8951 8952 8953 8953 8954 8954 8955 8955 8956 8956 8956 8957 8960 8960 8961 8962 8962 8963 8963 8963 8964 8966 8966 8966 8968 8968 8970 8971 8971 8973 8974 8974 8974 8974 8975 8975 8977 8977 8977 8979 8980 8982 
8982 8983 8983 8983 8986 8986 8987 8989 8992 8992 8993 8994 8994 8994 8995 8996 8997 8999 9000 9001 9001 9003 9004 9006 9008 9009 9009 9009 9011 9011 9011 9012 9013 9013 9014 9014 9015 9017 9017 9017 9019 9024 9025 9026 9026 9027 9027 9028 9029 9030 9032 9033 9033 9034 9034 9036 9037 9039 9039 9040 9041 9043 9043 9044 9045 9046 9048 9049 9051 9051 9051 9052 9052 9054 9056 9056 9057 9057 9058 9059 9059 9060 9060 9060 9061 9062 9062 9062 9063 9065 9065 9066 9069 9069 9072 9073 9075 9075 9076 9078 
9079 9081 9082 9083 9083 9084 9085 9086 9087 9088 9090 9091 9091 9092 9093 9094 9094 9095 9096 9097 9099 9099 9101 9103 9104 9105 9108 9110 9110 9111 9112 9113 9114 9114 9114 9115 9116 9118 9119 9121 9121 9121 9122 9124 9126 9126 9127 9127 9128 9128 9129 9132 9134 9136 9140 9140 9140 9140 9141 9141 9141 9142 9143 9146 9149 9149 9149 9149 9150 9150 9150 9151 9152 9154 9155 9155 9156 9157 9158 9159 9160 9162 9163 9163 9166 9167 9169 9169 9170 9170 9173 9173 9174 9175 9175 9176 9177 9178 9179 9180 
9181 9181 9181 9181 9182 9182 9188 9189 9190 9190 9191 9192 9193 9195 9195 9195 9195 9198 9201 9201 9205 9207 9209 9211 9212 9212 9214 9214 9216 9217 9218 9219 9219 9219 9220 9221 9223 9226 9227 9228 9229 9229 9229 9230 9231 9231 9231 9232 9233 9233 9236 9238 9239 9239 9240 9240 9241 9241 9242 9242 9243 9244 9244 9244 9249 9250 9251 9251 9252 9253 9253 9253 9254 9256 9259 9259 9259 9260 9260 9262 9264 9264 9265 9266 9266 9268 9268 9269 9270 9270 9272 9273 9273 9274 9274 9276 9277 9280 9280 9281 
9282 9283 9284 9284 9285 9286 9286 9287 9288 9288 9289 9290 9291 9292 9295 9295 9295 9295 9296 9296 9297 9297 9297 9297 9298 9298 9298 9299 9301 9301 9301 9301 9305 9305 9307 9309 9310 9312 9313 9313 9313 9313 9314 9314 9315 9315 9315 9316 9317 9317 9317 9318 9321 9321 9325 9327 9327 9328 9329 9329 9330 9330 9332 9333 9335 9336 9339 9340 9340 9341 9342 9343 9343 9345 9346 9348 9348 9349 9349 9350 9351 9351 9352 9352 9353 9353 9354 9355 9356 9357 9357 9357 9358 9359 9359 9360 9361 9366 9366 9367 
9367 9370 9371 9371 9371 9372 9373 9373 9374 9376 9379 9380 9382 9382 9384 9386 9387 9388 9389 9389 9389 9390 9392 9393 9394 9395 9395 9396 9396 9397 9400 9400 9402 9403 9404 9405 9408 9409 9410 9413 9414 9414 9417 9417 9420 9422 9423 9423 9427 9427 9428 9428 9430 9434 9434 9436 9438 9438 9439 9439 9439 9442 9443 9445 9445 9446 9446 9446 9448 9451 9452 9452 9453 9463 9465 9466 9466 9466 9466 9467 9467 9468 9470 9471 9473 9474 9475 9477 9477 9478 9478 9478 9479 9481 9482 9485 9486 9486 9486 9488 
9489 9489 9490 9492 9492 9492 9493 9493 9494 9496 9497 9498 9498 9498 9499 9500 9501 9501 9503 9503 9504 9504 9505 9505 9506 9507 9508 9510 9511 9512 9513 9513 9517 9517 9517 9518 9519 9519 9519 9521 9525 9529 9530 9533 9534 9535 9535 9537 9537 9538 9539 9541 9542 9543 9544 9545 9546 9546 9546 9549 9549 9549 9550 9550 9551 9551 9552 9554 9555 9556 9557 9560 9562 9562 9563 9565 9572 9573 9574 9575 9575 9578 9579 9579 9580 9580 9581 9582 9584 9584 9584 9584 9590 9591 9593 9593 9593 9598 9598 9600 
9600 9600 9603 9603 9604 9605 9607 9608 9608 9608 9608 9609 9610 9612 9614 9614 9614 9615 9615 9615 9616 9617 9618 9620 9626 9628 9631 9632 9632 9633 9633 9633 9634 9635 9635 9637 9638 9639 9641 9642 9642 9643 9644 9645 9645 9645 9646 9647 9648 9650 9651 9652 9655 9656 9656 9656 9659 9660 9661 9661 9662 9663 9664 9664 9665 9667 9667 9670 9670 9670 9671 9671 9671 9671 9672 9672 9673 9674 9675 9675 9675 9677 9679 9680 9681 9684 9684 9684 9684 9685 9685 9686 9686 9687 9687 9687 9688 9689 9689 9689 
9689 9690 9691 9692 9693 9695 9695 9696 9697 9697 9698 9698 9699 9699 9702 9703 9704 9706 9709 9711 9713 9713 9714 9716 9716 9716 9719 9720 9721 9724 9724 9726 9727 9728 9729 9729 9730 9732 9734 9735 9736 9736 9736 9736 9737 9738 9739 9740 9740 9741 9744 9746 9747 9748 9749 9750 9750 9751 9751 9754 9755 9757 9759 9761 9766 9768 9768 9769 9770 9771 9773 9773 9773 9775 9775 9775 9776 9779 9782 9784 9784 9786 9786 9786 9789 9790 9790 9791 9793 9793 9794 9797 9797 9798 9801 9802 9804 9804 9805 9806 
9807 9808 9809 9809 9811 9812 9812 9813 9814 9816 9820 9821 9822 9822 9826 9826 9826 9827 9828 9828 9829 9829 9829 9831 9831 9831 9835 9838 9838 9841 9842 9844 9845 9846 9846 9847 9851 9851 9852 9853 9853 9855 9857 9858 9858 9859 9860 9860 9861 9862 9862 9862 9863 9864 9864 9864 9864 9864 9865 9867 9868 9868 9869 9869 9872 9872 9872 9874 9875 9875 9877 9877 9881 9881 9882 9883 9887 9887 9887 9889 9890 9892 9892 9894 9895 9896 9896 9896 9897 9897 9898 9901 9903 9903 9905 9905 9906 9908 9910 9912 
9914 9914 9915 9915 9916 9916 9916 9916 9916 9917 9919 9919 9920 9921 9922 9922 9924 9925 9925 9926 9927 9928 9929 9929 9932 9932 9938 9940 9942 9943 9943 9943 9944 9946 9947 9949 9950 9952 9953 9953 9954 9955 9955 9956 9957 9957 9957 9957 9957 9958 9958 9958 9959 9959 9959 9960 9961 9961 9962 9964 9964 9966 9966 9967 9967 9967 9967 9968 9969 9971 9972 9973 9973 9973 9975 9975 9975 9976 9978 9978 9979 9981 9981 9981 9982 9983 9984 9988 9988 9990 9990 9992 9992 9993 9994 9995 9997 9998 9999 9999 
